puyo

,
    {
            "id": "puyo-x",
            "diff": 2,
            "description": "連鎖",
            "rule": "puyo",
            "initialPuyoField":[
                [0, 0, 0, 0, 0, 0],
                [0, 0, 0, 0, 0, 0],
                [0, 0, 0, 0, 0, 0]
            ],
            "nextPuyoPairs": [[1, 1], [2, 2]],
            "clearCondition": {
                "type": "chain",
                "value": 6,
                "description": "6連鎖"
            }
        }


tet

,
    {
        "id": "tet-x",
        "diff": 2,
        "description": "T-spin",
        "rule": "tet",
        "allowHold": false,
        "initialField": [
            [0,0,0,0,0,0,0,0,0,0],
            [0,0,0,0,0,0,0,0,0,0]
        ],
        "nextPieces": [0, 1, 2, 3, 4, 5, 6],
        "clearCondition": {
            "type": "allClear",
            "value": 0,
            "description": "パーフェクトクリア"
        }
    }


    CPU6.DEBUG_BOARD = [
    [0,0,1,0,0,0,0,1,1,0], // row 0  (上)
    [0,0,1,0,0,0,0,1,1,0], // row 1
    [0,0,1,0,0,0,1,1,1,0], // row 2
    [0,0,1,0,0,0,1,1,1,0], // row 3
    [0,0,0,1,0,1,1,0,1,0], // row 4
    [0,0,0,1,0,0,1,0,1,0], // row 5
    [0,0,0,0,1,0,0,0,1,0], // row 6
    [0,0,0,0,0,0,0,0,1,0], // row 7
    [0,0,0,1,0,0,0,0,1,0], // row 8
    [0,0,1,0,1,0,0,0,1,0], // row 9
    [0,0,0,0,1,0,0,0,1,0], // row 10
    [0,1,0,0,1,0,0,0,1,0], // row 11
    [1,1,1,1,0,0,0,0,1,0], // row 12
    [1,0,0,0,0,0,0,1,1,0], // row 13
    [1,1,1,0,0,0,0,1,1,0], // row 14
    [1,1,1,0,0,0,0,1,1,0], // row 15
    [1,1,1,0,0,0,1,1,1,0], // row 16
    [1,1,1,1,0,0,1,1,1,0], // row 17
    [1,1,1,1,0,1,1,1,1,0], // row 18
    [1,1,1,1,0,1,1,1,1,0], // row 19 (下)
    ];